33 46

2.0 2.0 45.0

22222222222222222222
2                  2
2                  2
2  33  33  33  33  2
2  33  33  33  33  2
2                  2
2                  2
22 2 111111111111  2
 2   1             2
 2 3 1             2
 2   1  111111111112
 2 1 1  1          2
 2   1  1          2
 2 2 1  1   33333  2
 2   1  1   3      2
 2 3 1  1   3      2
 2   1  1   33333  2
 2 1 1             2
 2   1             2
 2222222222222222  2
                2  2
  111111111111112  2
  1                2
  1 1111111111112  22222222222222
  1   1   1   1 2               2
  111   1   1   2               2
    33333333333322222222222222  2
    3   1   1                   2
    3 1   1   1                 2
11111 111111111111111222222222222
1                   1
1 o o o o o o o o o 1
1                   1
1 o o o o o o o o o 1
1                   1
1 o o o o o o o o o 1
1                   1
1 o o o o o o o o o 1
1                   1
1 o o o o o o o o o 1
1                   1
1 o o o o o o o o o 1
1                   1
1 o o o o o o o o o 1
1                   1
111111111111111111111

75 75 75
25 25 25

1 255 0 0
2 0 255 0
3 0 0 255
o 124 69 210
